1,-3.191009,55.942686,0,-3.1907270922137645,55.942788606043,tonic.bliss.cove
2,-3.1907270922137645,55.942788606043,0,-3.190467284592629,55.942938606043,null
3,-3.190467284592629,55.942938606043,60,-3.1902074769714934,55.943088606043,shows.fries.lamp
4,-3.1902074769714934,55.943088606043,0,-3.1899776636385577,55.94289576976009,null
5,-3.1899776636385577,55.94289576976009,130,-3.189784827355652,55.942665956427156,hooked.shine.third
6,-3.189784827355652,55.942665956427156,0,-3.1896822213126543,55.942947864213394,null
7,-3.1896822213126543,55.942947864213394,20,-3.1893867789867505,55.9429999586667,region.passes.pencil
8,-3.1893867789867505,55.9429999586667,0,-3.1890913366608467,55.942947864213394,null
9,-3.1890913366608467,55.942947864213394,100,-3.188795894334943,55.9429999586667,null
10,-3.188795894334943,55.9429999586667,80,-3.1884958943349426,55.9429999586667,null
11,-3.1884958943349426,55.9429999586667,90,-3.188213986548707,55.942897352623696,null
12,-3.188213986548707,55.942897352623696,110,-3.1879139865487067,55.942897352623696,null
13,-3.1879139865487067,55.942897352623696,90,-3.187654178927571,55.9427473526237,panic.squad.danger
14,-3.187654178927571,55.9427473526237,0,-3.187756784970569,55.943029260409936,null
15,-3.187756784970569,55.943029260409936,340,-3.187906784970569,55.94328906803107,null
16,-3.187906784970569,55.94328906803107,330,-3.1880093910135665,55.94357097581731,null
17,-3.1880093910135665,55.94357097581731,340,-3.1881593910135666,55.94383078343844,cubs.trucks.help
18,-3.1881593910135666,55.94383078343844,0,-3.1878639486876628,55.943882877891745,null
19,-3.1878639486876628,55.943882877891745,80,-3.187568506361759,55.94393497234505,null
20,-3.187568506361759,55.94393497234505,80,-3.1872685063617587,55.94393497234505,null
21,-3.1872685063617587,55.94393497234505,90,-3.186973064035855,55.94398706679835,renew.ears.tend
22,-3.186973064035855,55.94398706679835,0,-3.1872028773687906,55.944179903081256,null
23,-3.1872028773687906,55.944179903081256,310,-3.1872028773687906,55.94447990308126,null
24,-3.1872028773687906,55.94447990308126,0,-3.186920969582555,55.94458250912426,artist.gets.react
25,-3.186920969582555,55.94458250912426,0,-3.186639061796319,55.94468511516726,null
26,-3.186639061796319,55.94468511516726,70,-3.186489061796319,55.944944922788395,laws.merit.bleak
27,-3.186489061796319,55.944944922788395,0,-3.1862592484633834,55.94475208650549,null
28,-3.1862592484633834,55.94475208650549,130,-3.185999440842248,55.94460208650549,null
29,-3.185999440842248,55.94460208650549,120,-3.185769627509312,55.944409250222584,atoms.vanish.foods
30,-3.185769627509312,55.944409250222584,0,-3.185619627509312,55.94414944260145,manliness.poem.cliff
31,-3.185619627509312,55.94414944260145,0,-3.1853898141763763,55.943956606318544,null
32,-3.1853898141763763,55.943956606318544,130,-3.1851969778934706,55.94372679298561,hello.love.keys
33,-3.1851969778934706,55.94372679298561,0,-3.185094371850473,55.944008700771846,null
34,-3.185094371850473,55.944008700771846,20,-3.1849917658074753,55.944290608558084,null
35,-3.1849917658074753,55.944290608558084,20,-3.1849396713541753,55.94458605088399,slide.leads.stores
36,-3.1849396713541753,55.94458605088399,0,-3.1847896713541752,55.944845858505126,null
37,-3.1847896713541752,55.944845858505126,30,-3.1845968350712694,55.94507567183806,null
38,-3.1845968350712694,55.94507567183806,40,-3.184494229028272,55.9453575796243,settle.title.united
39,-3.184494229028272,55.9453575796243,0,-3.1847240423612075,55.945550415907206,null
40,-3.1847240423612075,55.945550415907206,310,-3.1849538556941432,55.94574325219011,rider.aura.bulb
41,-3.1849538556941432,55.94574325219011,0,-3.1852538556941434,55.94574325219011,null
42,-3.1852538556941434,55.94574325219011,270,-3.1855538556941436,55.94574325219011,shed.desire.muddy
43,-3.1855538556941436,55.94574325219011,0,-3.185853855694144,55.94574325219011,null
44,-3.185853855694144,55.94574325219011,270,-3.186153855694144,55.94574325219011,posts.kicked.universally
45,-3.186153855694144,55.94574325219011,0,-3.186449298020048,55.94569115773681,null
46,-3.186449298020048,55.94569115773681,260,-3.1867447403459517,55.94563906328351,hidden.handle.softly
47,-3.1867447403459517,55.94563906328351,0,-3.1867447403459517,55.945339063283505,dragon.bottle.crisp
48,-3.1867447403459517,55.945339063283505,0,-3.187004547967087,55.9454890632835,spent.spoon.bolt
49,-3.187004547967087,55.9454890632835,0,-3.187197384249993,55.94571887661644,null
50,-3.187197384249993,55.94571887661644,320,-3.1873902205328988,55.945948689949375,slips.mass.baking
51,-3.1873902205328988,55.945948689949375,0,-3.187540220532899,55.94568888232824,null
52,-3.187540220532899,55.94568888232824,210,-3.1878000281540344,55.94553888232824,null
53,-3.1878000281540344,55.94553888232824,240,-3.18808193594027,55.94543627628524,null
54,-3.18808193594027,55.94543627628524,250,-3.1881845419832677,55.945154368499004,null
55,-3.1881845419832677,55.945154368499004,200,-3.1882871480262653,55.944872460712766,null
56,-3.1882871480262653,55.944872460712766,200,-3.1883392424795653,55.94457701838686,null
57,-3.1883392424795653,55.94457701838686,190,-3.188441848522563,55.94429511060062,trades.rare.cable
58,-3.188441848522563,55.94429511060062,0,-3.188591848522563,55.944035302979486,null
59,-3.188591848522563,55.944035302979486,210,-3.188741848522563,55.94377549535835,labels.hotels.alert
60,-3.188741848522563,55.94377549535835,0,-3.1890418485225633,55.94377549535835,null
61,-3.1890418485225633,55.94377549535835,270,-3.1893418485225635,55.94377549535835,null
62,-3.1893418485225635,55.94377549535835,270,-3.1896372908484674,55.943827589811654,burn.spot.across
63,-3.1896372908484674,55.943827589811654,0,-3.189932733174371,55.94387968426496,null
64,-3.189932733174371,55.94387968426496,280,-3.1901925407955067,55.944029684264954,null
65,-3.1901925407955067,55.944029684264954,300,-3.1904879831214106,55.94397758981165,pump.wheels.hulk
66,-3.1904879831214106,55.94397758981165,0,-3.1901925407955067,55.944029684264954,null
67,-3.1901925407955067,55.944029684264954,80,-3.189897098469603,55.94408177871826,cliff.asleep.wedge
68,-3.189897098469603,55.94408177871826,0,-3.189601656143699,55.94413387317156,null
69,-3.189601656143699,55.94413387317156,80,-3.189306213817795,55.94418596762486,spoon.invest.every
70,-3.189306213817795,55.94418596762486,0,-3.189254119364495,55.94448140995077,null
71,-3.189254119364495,55.94448140995077,10,-3.189202024911195,55.944776852276675,null
72,-3.189202024911195,55.944776852276675,10,-3.189202024911195,55.94507685227668,number.exist.rate
73,-3.189202024911195,55.94507685227668,0,-3.1894618325323307,55.945226852276676,null
74,-3.1894618325323307,55.945226852276676,300,-3.1897216401534663,55.945376852276674,turkey.limit.ramp
75,-3.1897216401534663,55.945376852276674,0,-3.189824246196464,55.94565876006291,null
76,-3.189824246196464,55.94565876006291,340,-3.1899268522394615,55.94594066784915,love.behind.orchestra
77,-3.1899268522394615,55.94594066784915,0,-3.1902268522394617,55.94594066784915,null
78,-3.1902268522394617,55.94594066784915,270,-3.190526852239462,55.94594066784915,null
79,-3.190526852239462,55.94594066784915,270,-3.190826852239462,55.94594066784915,null
80,-3.190826852239462,55.94594066784915,270,-3.191122294565366,55.94599276230245,simple.rust.audio
81,-3.191122294565366,55.94599276230245,0,-3.1912249006083635,55.945710854516214,skins.engage.best
82,-3.1912249006083635,55.945710854516214,0,-3.1912249006083635,55.94541085451621,null
83,-3.1912249006083635,55.94541085451621,180,-3.1912249006083635,55.94511085451621,null
84,-3.1912249006083635,55.94511085451621,180,-3.1912249006083635,55.944810854516206,null
85,-3.1912249006083635,55.944810854516206,180,-3.1912249006083635,55.9445108545162,null
86,-3.1912249006083635,55.9445108545162,180,-3.1912249006083635,55.9442108545162,null
87,-3.1912249006083635,55.9442108545162,180,-3.1912249006083635,55.9439108545162,null
88,-3.1912249006083635,55.9439108545162,180,-3.1911728061550635,55.94361541219029,null
89,-3.1911728061550635,55.94361541219029,170,-3.1911728061550635,55.94331541219029,meal.feed.large
90,-3.1911728061550635,55.94331541219029,0,-3.1911207117017635,55.94301996986438,null
91,-3.1911207117017635,55.94301996986438,170,-3.191018105658766,55.94273806207814,null
